9949236057
7569498465
9493630943
9440038944
9133289970
8125149529
7396314869
8106498431
9912380481
8374353833
9515367292
9553517595
9948386027
6301399470
7671822826
8985205929
8919733280
9059938254
9010876943
7675990238
8106554951
6301098976
6301700859
7093727500
9311275273
7286970309
9182441152
9491657273
9391586476
9640448095
9440437508
9652104129
6302088483
9347480603
7799332113
9603560250
9390283190
9666486451
9640104199
9014461773
9676075326
9440704871
9849325689
8179487710
9014168885
8888793550
9573769025
9985116614
7702891074
6281813835
9440978654
9494305300
7032798895
8096148622
9951908995
7702877520
9440570105
9966154623
9949777295
9948966601
9390082400
7893257154
9959013260
